-5334136329852556739
-4621772027751141215
8398649985218846825
-6483644698415576170
3396570430088662511
8378192167922452675
-8787518670549929887
-4861472971584246074
-2471938013060325798
-5114744683170508621
8382688313897011376
-2449228714897812369
-7751072099064947990
-7912151539190068673
5924061779559526127
-1984549762217121381
-6556238998371989504
-4067640918638917816
-4921900336217650968
-591989996056831835
-1541155373241509518
3666693398590019652
5335973041183305498
8708873518602821564
1845460976622185734
3194796519922125500
-3447781921738862794
-4356017045856209053
-4839845623069780742
6862719002143324111
-7159820395906933084
-4859645209765607180
2665456543041794687
2927484743115088558
6899500459283897599
1893101168320214296
-5527515998564736967
-100651249912453346
8855799795606414997
6478775460178209360
6082398018701765825
5051156848920967161
8090335564500670184
6679656520756726640
-5384640133339994845
7693797967492558253
-2227335059753911505
-4980666427908692450
-5236934006153777312
220690166407242939
666048539666928854
-811558021874747048
-1279253757269429011
5234536191488666681
-1187096019951293447
-3747044351413564437
9031509595904826675
3732968403434456145
-7952848347719192083
4197221171213259516
9147127625742866445
1621288580889668800
3140892861096129464
-6107973945172858749
4373342279917549645
-6191555930823556264
6514042362760682644
6645111435640017355
-2056346633725993418
2373865268031910526
4755214496826689648
268383674170578420
738390583193170435
-885888806639292500
1063595065978414703
3410767764969743473
6298501443008491103
-3497092648249259536
2544710394570828646
1687506056883456907
-3747834933536261396
4711474226794317932
231892598029030498
210827645675044571
-4538273597115672900
8766859863494138068
-7796448306956388064
-5216446505431110188
8002024234241757915
-4139172611967136269
-7178221413052895596
-2498308528673822153
-1418254179519144765
3896750781327568422
-8688056149525874333
-5956505744829702500
-1566966138582591259
2556243095380791775
5082569046721417320
-4567344653323053840
