-8688056149525874333
-7796448306956388064
-7178221413052895596
-6191555930823556264
-5956505744829702500
-5216446505431110188
-4567344653323053840
-4538273597115672900
-4139172611967136269
-3747834933536261396
-3497092648249259536
-2498308528673822153
-2056346633725993418
-1566966138582591259
-1418254179519144765
-885888806639292500
210827645675044571
231892598029030498
268383674170578420
738390583193170435
1063595065978414703
1687506056883456907
2373865268031910526
2544710394570828646
2556243095380791775
3410767764969743473
3896750781327568422
4373342279917549645
4711474226794317932
4755214496826689648
5082569046721417320
6298501443008491103
6514042362760682644
6645111435640017355
8002024234241757915
8766859863494138068
