-8787518670549929887
-7952848347719192083
-7912151539190068673
-7751072099064947990
-7159820395906933084
-6556238998371989504
-6483644698415576170
-6107973945172858749
-5527515998564736967
-5384640133339994845
-5334136329852556739
-5236934006153777312
-5114744683170508621
-4980666427908692450
-4921900336217650968
-4861472971584246074
-4859645209765607180
-4839845623069780742
-4621772027751141215
-4356017045856209053
-4067640918638917816
-3747044351413564437
-3447781921738862794
-2471938013060325798
-2449228714897812369
-2227335059753911505
-1984549762217121381
-1541155373241509518
-1279253757269429011
-1187096019951293447
-811558021874747048
-591989996056831835
-100651249912453346
220690166407242939
666048539666928854
1621288580889668800
1845460976622185734
1893101168320214296
2665456543041794687
2927484743115088558
3140892861096129464
3194796519922125500
3396570430088662511
3666693398590019652
3732968403434456145
4197221171213259516
5051156848920967161
5234536191488666681
5335973041183305498
5924061779559526127
6082398018701765825
6478775460178209360
6679656520756726640
6862719002143324111
6899500459283897599
7693797967492558253
8090335564500670184
8378192167922452675
8382688313897011376
8398649985218846825
8708873518602821564
8855799795606414997
9031509595904826675
9147127625742866445
